1.1043
1.06035
1.01948
0.981473
0.946128
0.913259
0.882691
0.854264
0.827826
0.803238
0.780371
0.759103
0.739322
0.720925
0.703812
0.687896
0.673091
0.659319
0.646508
0.634591
0.623505
0.613192
0.603596
0.594669
0.586362
0.578634
0.571442
0.564749
0.558521
0.552724
0.547329
0.542307
0.537632
0.53328
0.529228
0.525455
0.521942
0.518669
0.515622
0.512783
0.510138
0.507674
0.505377
0.503236
0.501241
0.499381
0.497646
0.496028
0.494518
0.49311
0.491795
0.490568
0.489422
0.488351
0.487351
0.486417
0.485543
0.484725
0.483961
0.483245
0.482575
0.481947
0.481359
0.480807
0.48029
0.479804
0.479348
0.478919
0.478516
0.478136
0.477779
0.477443
0.477125
0.476826
0.476543
0.476276
0.476023
0.475784
0.475557
0.475342
0.475137
0.474943
0.474758
0.474582
0.474414
0.474254
0.474101
0.473954
0.473814
0.473679
0.47355
0.473426
0.473307
0.473191
0.47308
0.472973
0.472869
0.472769
0.472672
0.472577
0.472486
0.472397
0.47231
0.472225
0.472143
0.472063
0.471984
0.471907
0.471832
0.471758
0.471685
0.471614
0.471544
0.471476
0.471408
0.471342
0.471276
0.471211
0.471148
0.471085
0.471023
0.470961
0.4709
0.47084
0.470781
0.470722
0.470663
0.470606
0.470548
0.470491
0.470435
0.470379
0.470323
0.470268
0.470213
0.470159
0.470105
0.470051
0.469998
0.469944
0.469892
0.469839
0.469787
0.469735
0.469683
0.469631
0.46958
0.469529
0.469478
0.469427
0.469377
0.469326
0.469276
0.469226
0.469176
0.469127
0.469077
0.469028
0.468979
0.46893
0.468881
0.468833
0.468784
0.468736
0.468687
0.468639
0.468591
0.468544
0.468496
0.468448
0.468401
0.468353
0.468306
0.468259
0.468212
0.468165
0.468119
0.468072
0.468025
0.467979
0.467933
0.467886
0.46784
0.467794
0.467748
0.467702
0.467657
0.467611
0.467565
0.46752
0.467474
0.467429
0.467384
0.467339
0.467294
0.467249
0.467204
0.467159
0.467114
0.46707
0.467025
0.466981
0.466936
0.466892
0.466848
0.466804
0.46676
0.466716
0.466672
0.466628
0.466584
0.46654
0.466496
0.466453
0.466409
0.466366
0.466323
0.466279
0.466236
0.466193
0.46615
0.466106
0.466063
0.46602
0.465978
0.465935
0.465892
0.465849
0.465807
0.465764
0.465722
0.465679
0.465637
0.465594
0.465552
0.46551
0.465468
0.465425
0.465383
0.465341
0.465299
0.465257
0.465215
0.465174
0.465132
0.46509
0.465048
0.465007
0.464965
0.464924
0.464882
0.464841
0.464799
0.464758
0.464717
0.464676
0.464634
0.464593
0.464552
0.464511
0.46447
0.464429
0.464388
0.464347
0.464307
0.464266
0.464225
0.464184
0.464144
0.464103
0.464063
0.464022
0.463982
0.463941
0.463901
0.46386
0.46382
0.46378
0.46374
0.463699
0.463659
0.463619
0.463579
0.463539
0.463499
0.463459
0.463419
0.463379
0.463339
0.4633
0.46326
0.46322
0.46318
0.463141
0.463101
0.463062
0.463022
0.462983
0.462943
0.462904
0.462864
0.462825
0.462785
0.462746
0.462707
0.462668
0.462628
0.462589
0.46255
0.462511
0.462472
0.462433
0.462394
0.462355
0.462316
0.462277
0.462238
0.462199
0.462161
0.462122
0.462083
0.462044
0.462006
0.461967
0.461928
0.46189
0.461851
0.461813
0.461774
0.461736
0.461697
0.461659
0.461621
0.461582
0.461544
0.461506
0.461468
0.461429
0.461391
0.461353
0.461315
0.461277
0.461239
0.461201
0.461163
0.461125
0.461087
0.461049
0.461011
0.460973
0.460935
0.460897
0.46086
0.460822
0.460784
0.460746
0.460709
0.460671
0.460633
0.460596
0.460558
0.460521
0.460483
0.460446
0.460408
0.460371
0.460333
0.460296
0.460259
0.460221
0.460184
0.460147
0.46011
0.460072
0.460035
0.459998
0.459961
0.459924
0.459887
0.45985
0.459813
0.459776
0.459739
0.459702
0.459665
0.459628
0.459591
0.459554
0.459517
0.45948
0.459444
0.459407
0.45937
0.459334
0.459297
0.45926
0.459224
0.459187
0.45915
0.459114
0.459077
0.459041
0.459004
0.458968
0.458931
0.458895
0.458859
0.458822
0.458786
0.45875
0.458713
0.458677
0.458641
0.458605
0.458568
0.458532
0.458496
0.45846
0.458424
0.458388
0.458352
0.458316
0.45828
0.458244
0.458208
0.458172
0.458136
0.4581
0.458064
0.458028
0.457993
0.457957
0.457921
0.457885
0.45785
0.457814
0.457778
0.457743
0.457707
0.457671
0.457636
0.4576
0.457565
0.457529
0.457494
0.457458
0.457423
0.457387
0.457352
0.457317
0.457281
0.457246
0.457211
0.457175
0.45714
0.457105
0.457069
0.457034
0.456999
0.456964
0.456929
0.456894
0.456859
0.456824
0.456788
0.456753
0.456718
0.456683
0.456648
0.456614
0.456579
0.456544
0.456509
0.456474
0.456439
0.456404
0.45637
0.456335
0.4563
0.456265
0.456231
0.456196
0.456161
0.456127
0.456092
0.456058
0.456023
0.455988
0.455954
0.455919
0.455885
0.45585
0.455816
0.455782
0.455747
0.455713
0.455678
0.455644
0.45561
0.455575
0.455541
0.455507
0.455473
0.455439
0.455404
0.45537
0.455336
0.455302
0.455268
0.455234
0.4552
0.455166
0.455132
0.455098
0.455064
0.45503
0.454996
0.454962
0.454928
0.454894
0.45486
0.454826
0.454793
0.454759
0.454725
0.454691
0.454658
0.454624
0.45459
0.454556
0.454523
0.454489
0.454456
0.454422
0.454388
0.454355
0.454321
0.454288
0.454254
0.454221
0.454187
0.454154
0.454121
0.454087
0.454054
0.454021
0.453987
0.453954
0.453921
0.453887
0.453854
0.453821
0.453788
0.453754
0.453721
0.453688
0.453655
0.453622
0.453589
0.453556
0.453523
0.45349
0.453457
0.453424
0.453391
0.453358
0.453325
0.453292
0.453259
0.453226
0.453193
0.453161
0.453128
0.453095
0.453062
0.45303
0.452997
0.452964
0.452931
0.452899
0.452866
0.452834
0.452801
0.452768
0.452736
0.452703
0.452671
0.452638
0.452606
0.452573
0.452541
0.452508
0.452476
0.452444
0.452411
0.452379
0.452346
0.452314
0.452282
0.45225
0.452217
0.452185
0.452153
0.452121
0.452088
0.452056
0.452024
0.451992
0.45196
0.451928
0.451896
0.451864
0.451832
0.4518
0.451768
0.451736
0.451704
0.451672
0.45164
0.451608
0.451576
0.451544
0.451513
0.451481
0.451449
0.451417
0.451385
0.451354
0.451322
0.45129
0.451259
0.451227
0.451195
0.451164
0.451132
0.4511
0.451069
0.451037
0.451006
0.450974
0.450943
0.450911
0.45088
0.450848
0.450817
0.450786
0.450754
0.450723
0.450691
0.45066
0.450629
0.450598
0.450566
0.450535
0.450504
0.450473
0.450441
0.45041
0.450379
0.450348
0.450317
0.450286
0.450255
0.450224
0.450193
0.450162
0.450131
0.4501
0.450069
0.450038
0.450007
0.449976
0.449945
0.449914
0.449883
0.449852
0.449821
0.449791
0.44976
0.449729
0.449698
0.449668
0.449637
0.449606
0.449576
0.449545
0.449514
0.449484
0.449453
0.449422
0.449392
0.449361
0.449331
0.4493
0.44927
0.449239
0.449209
0.449178
0.449148
0.449118
0.449087
0.449057
0.449026
0.448996
0.448966
0.448935
0.448905
0.448875
0.448845
0.448814
0.448784
0.448754
0.448724
0.448694
0.448664
0.448633
0.448603
0.448573
0.448543
0.448513
0.448483
0.448453
0.448423
0.448393
0.448363
0.448333
0.448303
0.448273
0.448244
0.448214
0.448184
0.448154
0.448124
0.448094
0.448065
0.448035
0.448005
0.447975
0.447946
0.447916
0.447886
0.447857
0.447827
0.447797
0.447768
0.447738
0.447709
0.447679
0.44765
0.44762
0.447591
0.447561
0.447532
0.447502
0.447473
0.447443
0.447414
0.447385
0.447355
0.447326
0.447297
0.447267
0.447238
0.447209
0.447179
0.44715
0.447121
0.447092
0.447063
0.447033
0.447004
0.446975
0.446946
0.446917
0.446888
0.446859
0.44683
0.446801
0.446772
0.446743
0.446714
0.446685
0.446656
0.446627
0.446598
0.446569
0.44654
0.446511
0.446483
0.446454
0.446425
0.446396
0.446367
0.446339
0.44631
0.446281
0.446252
0.446224
0.446195
0.446166
0.446138
0.446109
0.446081
0.446052
0.446023
0.445995
0.445966
0.445938
0.445909
0.445881
0.445852
0.445824
0.445795
0.445767
0.445739
0.44571
0.445682
0.445654
0.445625
0.445597
0.445569
0.44554
0.445512
0.445484
0.445456
0.445427
0.445399
0.445371
0.445343
0.445315
0.445287
0.445258
0.44523
0.445202
0.445174
0.445146
0.445118
0.44509
0.445062
0.445034
0.445006
0.444978
0.44495
0.444922
0.444894
0.444867
0.444839
0.444811
0.444783
0.444755
0.444727
0.4447
0.444672
0.444644
0.444616
0.444589
0.444561
0.444533
0.444506
0.444478
0.44445
0.444423
0.444395
0.444367
0.44434
0.444312
0.444285
0.444257
0.44423
0.444202
0.444175
0.444147
0.44412
0.444092
0.444065
0.444038
0.44401
0.443983
0.443956
0.443928
0.443901
0.443874
0.443846
0.443819
0.443792
0.443765
0.443737
0.44371
0.443683
0.443656
0.443629
0.443602
0.443574
0.443547
0.44352
0.443493
0.443466
0.443439
0.443412
0.443385
0.443358
0.443331
0.443304
0.443277
0.44325
0.443223
0.443196
0.44317
0.443143
0.443116
0.443089
0.443062
0.443035
0.443009
0.442982
0.442955
0.442928
0.442902
0.442875
0.442848
0.442822
0.442795
0.442768
0.442742
0.442715
0.442688
0.442662
0.442635
0.442609
0.442582
0.442556
0.442529
0.442503
0.442476
0.44245
0.442423
0.442397
0.44237
0.442344
0.442318
0.442291
0.442265
0.442239
0.442212
0.442186
0.44216
0.442133
0.442107
0.442081
0.442055
0.442029
0.442002
0.441976
0.44195
0.441924
0.441898
0.441872
0.441846
0.441819
0.441793
0.441767
0.441741
0.441715
0.441689
0.441663
0.441637
0.441611
0.441585
0.441559
0.441534
0.441508
0.441482
0.441456
0.44143
0.441404
0.441378
0.441353
0.441327
0.441301
0.441275
0.441249
0.441224
0.441198
0.441172
0.441147
0.441121
0.441095
0.44107
0.441044
0.441018
0.440993
0.440967
0.440942
0.440916
0.440891
0.440865
0.44084
0.440814
0.440789
0.440763
0.440738
